Red Line
1 50 .5 40 .25 0 0 0 6
2 50 1 40 .5 0 0 0 0
3 50 1.5 40 .75 0 0 0 0
4 50 2 40 1 0 0 0 0
5 50 1.5 40 .75 0 0 0 0
6 50 1 40 .5 0 0 0 0
7 75 .5 40 .38 1 0 0 0
8 75 0 40 0 0 0 0 0
9 75 0 40 0 0 0 0 12
10 75 0 40 0 0 0 0 12
11 75 -.5 40 -.38 0 0 0 0
12 75 -.5 40 -.38 0 0 0 0
13 68.4 -1 40 -.68 0 0 0 0
14 60 -1 40 -.6 0 0 0 0
15 60 -1 40 -.6 0 0 0 6
16 50 -.5 40 -.25 1 0 0 6
17 200 -.5 55 -1 0 0 0 0
18 400 -.06025 70 -.24 0 0 0 0
19 400 0 70 0 0 0 0 0
20 200 0 70 0 0 0 0 0
21 100 0 55 0 1 0 0 0
22 100 0 55 0 0 0 0 0
23 100 0 55 0 0 0 0 0
24 50 0 70 0 0 1 0 0
25 50 0 70 0 1 1 0 0
26 50 0 70 0 0 1 0 0
27 50 0 70 0 0 1 0 7
28 50 0 70 0 0 1 0 7
29 60 0 70 0 0 1 0 0
30 60 0 70 0 0 1 0 0
31 50 0 70 0 0 1 0 0
32 50 0 70 0 0 1 0 8
33 50 0 70 0 0 1 0 8
34 50 0 70 0 0 1 0 0
35 50 0 70 0 1 1 0 0
36 50 0 70 0 0 1 0 0
37 50 0 70 0 0 1 0 0
38 50 0 70 0 0 1 0 9
39 50 0 70 0 0 1 0 9
40 60 0 70 0 0 1 0 0
41 60 0 70 0 0 1 0 0
42 50 0 70 0 0 1 0 0
43 50 0 70 0 0 1 0 10
44 50 0 70 0 0 1 0 10
45 50 0 70 0 1 1 0 0
46 75 0 70 0 0 1 0 0
47 75 0 70 0 0 0 1 0
48 75 0 70 0 1 0 0 0
49 50 0 60 0 0 0 0 0
50 50 0 60 0 0 0 0 0
51 50 0 55 0 0 0 0 0
52 43.2 0 55 0 0 0 0 11
53 50 0 55 0 0 0 0 11
54 50 0 55 0 0 0 0 0
55 75 .5 55 .38 0 0 0 0
56 75 .5 55 .38 0 0 0 0
57 75 .5 55 .38 0 0 0 0
58 75 1 55 .75 0 0 0 0
59 75 .5 55 .38 0 0 0 0
60 75 0 55 0 1 0 0 0
61 75 -.5 55 -.38 0 0 0 0
62 75 -1 55 -.75 0 0 0 0
63 75 -1 55 -.75 0 0 0 0
64 75 -.5 55 -.38 0 0 0 0
65 75 0 55 0 0 0 0 0
66 75 0 55 0 0 0 0 11
67 50 0 55 0 0 1 0 10
68 50 0 55 0 0 1 0 0
69 50 0 55 0 0 1 0 0
70 50 0 55 0 0 1 0 0
71 50 0 55 0 0 1 0 9
72 50 0 55 0 0 1 0 8
73 50 0 55 0 0 1 0 0
74 50 0 55 0 0 1 0 0
75 50 0 55 0 0 1 0 0
76 50 0 55 0 0 1 0 7
77 50 0 35 0 0 0 0 12

